OPT-125M MLP pruner — λ sweep | seeds=[0, 1] | steps=18750 | device=cuda
------------------------------------------------------------------------------------------
 lambda  seed |  % pruned |  orig ppl | pruned ppl |  ppl rise |  per-block kept (12)
------------------------------------------------------------------------------------------
   0.01     0 |    17.71% |    49.038 |     24.478 |   -24.560 | [2773, 2334, 2368, 1521, 2483, 2697, 2671, 2769, 2841, 2627, 2557, 2720]
   0.01     1 |    19.99% |    49.038 |     25.587 |   -23.451 | [2699, 2463, 2344, 1360, 2511, 2568, 2532, 2668, 2723, 2566, 2580, 2668]
   0.01  MEAN |  18.85±1.14% |    49.038 |  25.033±0.555 |           | -
------------------------------------------------------------------------------------------
   0.02     0 |    20.38% |    49.038 |     25.969 |   -23.069 | [2754, 2248, 2242, 1433, 2474, 2616, 2620, 2701, 2580, 2663, 2366, 2739]
   0.02     1 |    19.08% |    49.038 |     25.297 |   -23.741 | [2788, 2481, 2196, 1406, 2498, 2432, 2675, 2511, 2651, 2620, 2685, 2909]
   0.02  MEAN |  19.73±0.65% |    49.038 |  25.633±0.336 |           | -
------------------------------------------------------------------------------------------
   0.05     0 |    22.00% |    49.038 |     24.808 |   -24.230 | [2768, 2360, 2066, 1400, 2168, 2406, 2551, 2716, 2676, 2686, 2599, 2707]
   0.05     1 |    20.53% |    49.038 |     25.313 |   -23.725 | [2653, 2456, 2058, 1336, 2238, 2436, 2374, 2630, 2731, 2699, 2760, 2855]
   0.05  MEAN |  21.26±0.73% |    49.038 |  25.061±0.252 |           | -
------------------------------------------------------------------------------------------
    0.1     0 |    24.27% |    49.038 |     25.336 |   -23.703 | [2644, 2160, 1896, 1263, 2004, 2479, 2584, 2506, 2551, 2725, 2583, 2790]
    0.1     1 |    24.34% |    49.038 |     25.069 |   -23.969 | [2726, 2273, 1779, 1305, 2133, 2412, 2423, 2557, 2636, 2297, 2592, 2679]
    0.1  MEAN |  24.30±0.04% |    49.038 |  25.202±0.133 |           | -
------------------------------------------------------------------------------------------
    0.2     0 |    28.87% |    49.038 |     25.991 |   -23.047 | [2539, 2068, 1635, 1190, 1900, 2465, 2247, 2485, 2184, 2392, 2129, 2772]
    0.2     1 |    31.80% |    49.038 |     28.208 |   -20.830 | [2700, 2146, 1585, 1087, 1877, 2018, 2233, 2155, 2283, 2154, 2170, 2564]
    0.2  MEAN |  30.33±1.46% |    49.038 |  27.100±1.109 |           | -
------------------------------------------------------------------------------------------
    0.4     0 |    34.37% |    49.038 |     28.441 |   -20.597 | [2588, 2023, 1706, 912, 1641, 1899, 2162, 1979, 2337, 2369, 2228, 2330]
    0.4     1 |    36.11% |    49.038 |     28.181 |   -20.857 | [2666, 1984, 1636, 1033, 1705, 1955, 2178, 2290, 2268, 2218, 2262, 2381]
    0.4  MEAN |  35.24±0.87% |    49.038 |  28.311±0.130 |           | -
------------------------------------------------------------------------------------------
